003
004
005
007
008
009
010
012
013
015
017
018
019
020
022
023
024
025
028
029
030
032
033
034
035
037
038
040
042
043
044
045
047
048
049
050
053
054
055
057
058
059
060
062
063
065
067
068
069
070
072
073
074
075
078
079
080
082
083
084
085
087
088
090
092
093
094
095
097
098
099
100
103
104
105
107
108
109
110
112
113
115
117
118
119
120
122
123
124
125
128
129
130
132
133
134
135
137
138
140
142
143
144
145
147
148
149
150
153
154
155
157
158
159
160
162
163
165
167
168
169
170
172
173
174
175
178
179
180
182
183
184
185
187
188
190
192
193
194
195
197
198
199
200
203
204
205
207
208
209
210
212
213
215
217
218
219
220
222
223
224
225
228
229
230
232
233
234
235
237
238
240
242
243
244
245
247
248
249
250
253
254
255
257
258
259
260
262
263
265
267
268
269
270
272
273
274
275
278
279
280
282
283
284
285
287
288
290
292
293
294
295
297
298
299
300
303
304
305
307
308
309
310
312
313
315
317
318
319
320
322
323
324
325
328
329
330
332
333
334
335
337
338
340
342
343
344
345
347
348
349
350
353
354
355
357
358
359
360
362
363
365
367
368
369
370
372
373
374
375
378
379
380
382
383
384
385
387
388
390
392
393
394
395
397
398
399
400
403
404
405
407
408
409
410
412
413
415
417
418
419
420
422
423
424
425
428
429
430
432
433
434
435
437
438
440
442
443
444
445
447
448
449
450
453
454
455
457
458
459
460
003
